-139.85615      20.28691        
-223.79907      26.70037        
-193.97244      24.49279        
-141.88248      20.44407        
-245.84591      35.76817        
-117.70798      10.32185        
-250.44341      42.26023        
-245.15093      34.70220        
-263.15212      61.69342        
-74.75897       4.61808         
-116.06399      6.57015         
-92.30796       5.14227         
-224.72091      26.75659        
-154.97728      21.49593        
-183.36363      23.69859        
-211.18983      25.76908        
-121.30254      15.90805        
-243.08593      31.17279        
-119.67298      13.50604        
-216.75487      26.27904        
-145.76308      20.75719        
-257.80595      51.75752        
-117.53684      10.01630        
-216.28255      26.14258        
-255.28440      48.57428        
-246.96782      37.42560        
-180.56174      23.47932        
-229.05728      27.07660        
-254.11358      47.07494        
-214.24711      25.99872        
-210.14139      25.69102        
-244.50303      33.66737        
-176.20225      23.14696        
-264.85281      64.09133        
-122.32210      17.35092        
-120.11488      14.17198        
-270.66574      71.78629        
-201.23265      25.03522        
-220.14113      26.42333        
-184.78369      23.79755        
-179.13538      23.36801        
-116.12888      6.84704         
-188.79903      24.11428        
-173.17917      22.91163        
-243.61629      32.16260        
-215.28076      26.06944        
-259.43627      55.84012        
-125.10678      19.06761        
-195.15464      24.59013        
-116.01990      6.30242         
-242.09264      28.71769        
-118.06303      10.93576        
-122.58488      17.71715        
-200.02801      24.95533        
-236.32088      27.59547        
-120.57667      14.85537        
-240.06798      27.86271        
-174.66349      23.02938        
-41.92005       4.00001         
-116.52125      7.96530         
-191.34895      24.32492        
-221.97804      26.56418        
-120.34734      14.51746        
-116.30167      7.40027         
-235.55196      27.53945        
-256.51653      50.13729        
-261.55821      59.33299        
-118.25058      11.25104        
-242.41683      29.70897        
-255.89131      49.34584        
-258.25579      53.27155        
-119.89440      13.84131        
-237.84290      27.70254        
-119.45374      13.17065        
-156.76620      21.63279        
-177.67528      23.25640        
-117.06202      9.12320         
-104.65400      5.61596         
-190.10694      24.20193        
-257.15221      50.93770        
-204.69574      25.29029        
-160.23398      21.90550        
-258.81000      54.61317        
-119.03737      12.52304        
-247.77445      38.58055        
-248.59819      39.77768        
-118.83136      12.19676        
-163.59854      22.17068        
-244.19181      33.15936        
-221.06901      26.49577        
-187.47924      24.00764        
-205.80357      25.37138        
-251.93035      44.23287        
-158.51157      21.77877        
-242.23857      29.21548        
-65.33063       4.32007         
-121.54851      16.25962        
-170.11681      22.67513        
-248.18576      39.16195        
-202.40277      25.12157        
-252.99018      45.65047        
-253.54661      46.34341        
-165.25673      22.29847        
-252.46130      44.93014        
-265.74682      65.31619        
-203.55305      25.20524        
-143.81334      20.60119        
-133.76493      19.78501        
-118.63453      11.88085        
-249.49821      40.97656        
-149.53534      21.05976        
-122.85423      18.09041        
-229.90971      27.13615        
-240.79468      27.91470        
-233.18033      27.36773        
-198.83576      24.87335        
-246.21078      36.31487        
-116.91771      8.83375         
-254.68631      47.81172        
-206.90903      25.45259        
-123.40442      18.84669        
-245.48257      35.21711        
-131.60416      19.61933        
-264.00102      62.90375        
-153.14209      21.34726        
-209.07947      25.61649        
-233.97993      27.42514        
-196.46967      24.67696        
-267.62320      67.83036        
-135.85308      19.95319        
-268.61318      69.13145        
-116.77656      8.53910         
-147.63050      20.91469        
-247.36539      38.00010        
-117.88268      10.62696        
-111.57305      5.82485         
-260.11159      57.02015        
-121.81450      16.63722        
-238.60013      27.75681        
-274.00000      76.00000        
-234.76427      27.48569        
-232.39823      27.31180        
-249.96093      41.60580        
-168.50613      22.55117        
-117.37314      9.71685         
-231.56187      27.25161        
-243.34281      31.66055        
-186.14980      23.90103        
-242.00723      28.18063        
-239.33402      27.80963        
-116.40675      7.68241         
-151.37316      21.20755        
-219.15390      26.36622        
-213.24986      25.92022        
-272.85472      74.56385        
-249.05433      40.36666        
-212.20697      25.84656        
-237.08649      27.65193        
-222.92953      26.62880        
-242.84473      30.68477        
-99.44123       5.37972         
-251.42122      43.56077        
-197.68771      24.76807        
-85.01467       4.88514         
-129.56481      19.43523        
-116.00023      6.03303         
-242.62182      30.20315        
-218.23524      26.28797        
-122.06108      16.98500        
-225.61401      26.82105        
-181.99738      23.58616        
-262.34281      60.51282        
-116.20915      7.12395         
-171.56762      22.78820        
-241.51538      27.96682        
-244.82296      34.18344        
-269.62936      70.45478        
-137.91682      20.12342        
-119.24552      12.84865        
-121.05823      15.55639        
-123.12431      18.46266        
-116.64548      8.25240         
-227.35820      26.94779        
-192.75799      24.40023        
-230.73610      27.19238        
-226.49930      26.88567        
-246.58371      36.86572        
-243.89766      32.65527        
-260.82292      58.18364        
-161.93054      22.03842        
-228.22380      27.01270        
-266.67185      66.56427        
-118.43654      11.55849        
-208.00467      25.53474        
-166.77628      22.41765        
-117.21702      9.42348         
-271.74401      73.16086        
-127.37731      19.25503        
-120.81718      15.20686        
-250.93455      42.91800        
-106.26	5.62	
-97.04	5.28	
-88.34	4.98	
-80.16	4.72	
-72.5	4.5	
-65.36	4.32	
-58.74	4.18	
-52.64	4.08	
-47.06	4.02	
-52.6416	4.1616	
-58.7416	4.2616	
-65.3664	4.4864	
-65.3616	4.4016	
-72.5064	4.6664	
-72.5016	4.5816	
-80.1744	4.9744	
-80.1664	4.8864	
-80.1616	4.8016	
-88.3544	5.2344	
-88.3464	5.1464	
-88.3416	5.0616	
-97.0544	5.5344	
-97.0464	5.4464	
-97.0416	5.3616	
